283668.48000 5.81495 78.06494
283707.51247 5.81548 78.06494
283746.54494 5.81595 78.06494
283785.57741 5.81641 78.06494
283824.60988 5.81691 78.06494
283863.64235 5.81745 78.06494
283902.67482 5.81799 78.06494
283941.70729 5.81849 78.06494
283980.73976 5.81898 78.06494
284019.77224 5.81953 78.06494
284058.80471 5.82009 78.06494
284097.83718 5.82065 78.06494
284136.86965 5.82122 78.06494
284175.90212 5.82179 78.06494
284214.93459 5.82228 78.06494
284253.96706 5.82277 78.06494
284292.99953 5.82324 78.06494
284332.03200 5.82370 78.06494
284371.06447 5.82418 78.06494
284410.09694 5.82474 78.06494
284449.12941 5.82529 78.06494
284488.16188 5.82582 78.06494
284527.19435 5.82634 78.06494
284566.22682 5.82688 78.06494
284605.25929 5.82743 78.06494
284644.29176 5.82798 78.06494
284683.32424 5.82846 78.06494
284722.35671 5.82895 78.06494
284761.38918 5.82952 78.06494
284800.42165 5.83013 78.06494
284839.45412 5.83070 78.06494
284878.48659 5.83120 78.06494
284917.51906 5.83169 78.06494
284956.55153 5.83221 78.06494
284995.58400 5.83272 78.06494
285034.61647 5.83325 78.06494
285073.64894 5.83379 78.06494
285112.68141 5.83432 78.06494
285151.71388 5.83487 78.06494
285190.74635 5.83541 78.06494
285229.77882 5.83598 78.06494
285268.81129 5.83654 78.06494
285307.84376 5.83708 78.06494
285346.87624 5.83757 78.06494
285385.90871 5.83808 78.06494
285424.94118 5.83869 78.06494
285463.97365 5.83930 78.06494
285503.00612 5.83986 78.06494
285542.03859 5.84038 78.06494
285581.07106 5.84089 78.06494
285620.10353 5.84135 78.06494
285659.13600 5.84180 78.06494
285698.16847 5.84238 78.06494
285737.20094 5.84296 78.06494
285776.23341 5.84352 78.06494
285815.26588 5.84407 78.06494
285854.29835 5.84461 78.06494
285893.33082 5.84514 78.06494
285932.36329 5.84568 78.06494
285971.39576 5.84624 78.06494
286010.42824 5.84682 78.06494
286049.46071 5.84737 78.06494
286088.49318 5.84789 78.06494
286127.52565 5.84842 78.06494
286166.55812 5.84897 78.06494
286205.59059 5.84952 78.06494
286244.62306 5.85006 78.06494
286283.65553 5.85061 78.06494
286322.68800 5.85117 78.06494
286361.72047 5.85177 78.06494
286400.75294 5.85237 78.06494
286439.78541 5.85295 78.06494
286478.81788 5.85352 78.06494
286517.85035 5.85404 78.06494
286556.88282 5.85454 78.06494
286595.91529 5.85505 78.06494
286634.94776 5.85567 78.06494
286673.98024 5.85629 78.06494
286713.01271 5.85682 78.06494
286752.04518 5.85733 78.06494
286791.07765 5.85788 78.06494
286830.11012 5.85850 78.06494
286869.14259 5.85912 78.06494
286908.17506 5.85969 78.06494
286947.20753 5.86027 78.06494
286986.24000 5.86083 78.06494
287025.27247 5.86138 78.06494
287064.30494 5.86194 78.06494
287103.33741 5.86251 78.06494
287142.36988 5.86308 78.06494
287181.40235 5.86361 78.06494
287220.43482 5.86413 78.06494
287259.46729 5.86468 78.06494
287298.49976 5.86525 78.06494
287337.53224 5.86582 78.06494
287376.56471 5.86642 78.06494
287415.59718 5.86702 78.06494
287454.62965 5.86758 78.06494
287493.66212 5.86814 78.06494
287532.69459 5.86870 78.06494
287571.72706 5.86928 78.06494
287610.75953 5.86986 78.06494
287649.79200 5.87046 78.06494
287688.82447 5.87106 78.06494
287727.85694 5.87161 78.06494
287766.88941 5.87214 78.06494
287805.92188 5.87269 78.06494
287844.95435 5.87328 78.06494
287883.98682 5.87386 78.06494
287923.01929 5.87444 78.06494
287962.05176 5.87502 78.06494
288001.08424 5.87559 78.06494
288040.11671 5.87615 78.06494
288079.14918 5.87670 78.06494
288118.18165 5.87724 78.06494
288157.21412 5.87778 78.06494
288196.24659 5.87838 78.06494
288235.27906 5.87898 78.06494
288274.31153 5.87958 78.06494
288313.34400 5.88014 78.06494
288352.37647 5.88070 78.06494
288391.40894 5.88126 78.06494
288430.44141 5.88181 78.06494
288469.47388 5.88237 78.06494
288508.50635 5.88294 78.06494
288547.53882 5.88349 78.06494
288586.57129 5.88400 78.06494
288625.60376 5.88451 78.06494
288664.63624 5.88520 78.06494
288703.66871 5.88592 78.06494
288742.70118 5.88646 78.06494
288781.73365 5.88682 78.06494
288820.76612 5.88720 78.06494
288859.79859 5.88769 78.06494
288898.83106 5.88817 78.06494
288937.86353 5.88869 78.06494
288976.89600 5.88921 78.06494
289015.92847 5.88974 78.06494
289054.96094 5.89029 78.06494
289093.99341 5.89083 78.06494
289133.02588 5.89131 78.06494
289172.05835 5.89179 78.06494
289211.09082 5.89230 78.06494
289250.12329 5.89282 78.06494
289289.15576 5.89334 78.06494
289328.18824 5.89383 78.06494
289367.22071 5.89433 78.06494
289406.25318 5.89479 78.06494
289445.28565 5.89526 78.06494
289484.31812 5.89572 78.06494
289523.35059 5.89617 78.06494
289562.38306 5.89665 78.06494
289601.41553 5.89728 78.06494
289640.44800 5.89791 78.06494
289679.48047 5.89849 78.06494
289718.51294 5.89905 78.06494
289757.54541 5.89959 78.06494
289796.57788 5.90009 78.06494
289835.61035 5.90059 78.06494
289874.64282 5.90112 78.06494
289913.67529 5.90165 78.06494
289952.70776 5.90218 78.06494
289991.74024 5.90270 78.06494
290030.77271 5.90322 78.06494
290069.80518 5.90375 78.06494
290108.83765 5.90427 78.06494
290147.87012 5.90491 78.06494
290186.90259 5.90556 78.06494
290225.93506 5.90613 78.06494
290264.96753 5.90662 78.06494
290304.00000 5.90712 78.06494
290343.03247 5.90777 78.06494
290382.06494 5.90842 78.06494
290421.09741 5.90903 78.06494
290460.12988 5.90961 78.06494
290499.16235 5.91018 78.06494
290538.19482 5.91073 78.06494
290577.22729 5.91127 78.06494
290616.25976 5.91190 78.06494
290655.29224 5.91253 78.06494
290694.32471 5.91316 78.06494
290733.35718 5.91380 78.06494
290772.38965 5.91445 78.06494
290811.42212 5.91511 78.06494
290850.45459 5.91576 78.06494
290889.48706 5.91634 78.06494
290928.51953 5.91690 78.06494
290967.55200 5.91749 78.06494
291006.58447 5.91810 78.06494
291045.61694 5.91872 78.06494
291084.64941 5.91936 78.06494
291123.68188 5.92000 78.06494
291162.71435 5.92062 78.06494
291201.74682 5.92124 78.06494
291240.77929 5.92187 78.06494
291279.81176 5.92254 78.06494
291318.84424 5.92321 78.06494
291357.87671 5.92376 78.06494
291396.90918 5.92431 78.06494
291435.94165 5.92492 78.06494
291474.97412 5.92558 78.06494
291514.00659 5.92624 78.06494
291553.03906 5.92689 78.06494
291592.07153 5.92754 78.06494
291631.10400 5.92815 78.06494
291670.13647 5.92876 78.06494
291709.16894 5.92938 78.06494
291748.20141 5.93004 78.06494
291787.23388 5.93070 78.06494
291826.26635 5.93138 78.06494
291865.29882 5.93205 78.06494
291904.33129 5.93269 78.06494
291943.36376 5.93333 78.06494
291982.39624 5.93396 78.06494
292021.42871 5.93458 78.06494
292060.46118 5.93521 78.06494
292099.49365 5.93589 78.06494
292138.52612 5.93658 78.06494
292177.55859 5.93727 78.06494
292216.59106 5.93796 78.06494
292255.62353 5.93863 78.06494
292294.65600 5.93927 78.06494
292333.68847 5.93991 78.06494
292372.72094 5.94055 78.06494
292411.75341 5.94119 78.06494
292450.78588 5.94184 78.06494
292489.81835 5.94250 78.06494
292528.85082 5.94316 78.06494
292567.88329 5.94386 78.06494
292606.91576 5.94457 78.06494
292645.94824 5.94524 78.06494
292684.98071 5.94591 78.06494
292724.01318 5.94656 78.06494
292763.04565 5.94720 78.06494
292802.07812 5.94783 78.06494
292841.11059 5.94853 78.06494
292880.14306 5.94924 78.06494
292919.17553 5.94992 78.06494
292958.20800 5.95057 78.06494
292997.24047 5.95122 78.06494
293036.27294 5.95187 78.06494
293075.30541 5.95251 78.06494
293114.33788 5.95320 78.06494
293153.37035 5.95389 78.06494
293192.40282 5.95459 78.06494
293231.43529 5.95530 78.06494
293270.46776 5.95601 78.06494
293309.50024 5.95664 78.06494
293348.53271 5.95727 78.06494
293387.56518 5.95793 78.06494
293426.59765 5.95861 78.06494
293465.63012 5.95930 78.06494
293504.66259 5.96003 78.06494
293543.69506 5.96075 78.06494
293582.72753 5.96140 78.06494
293621.76000 5.96203 78.06494
