6.49553 0.0347650449326
6.49553 0.038113368544
6.49553 0.042319948186
6.49469 0.0391853910131
6.49414 0.043262149124
6.49553 0.0438282779297
6.49469 0.0406558597516
6.49172 0.0443072058586
6.49553 0.042226494563
6.48921 0.0412848012616
6.49553 0.0394623543653
6.49172 0.0397068728778
6.49413 0.0343688200684
6.49469 0.0355622523297
6.49413 0.0371790648543
6.49172 0.0434301396722
6.49493 0.0358958865188
6.49553 0.0462823286379
6.48921 0.0450259454424
6.4948 0.040754430152
6.49093 0.0346657673192
6.49553 0.0480882345168
6.49751 0.0462354829798
6.49172 0.0360055256961
6.4973 0.0446956696793
6.49548 0.0457987485394
6.49093 0.0277640389392
6.49469 0.0338222832546
6.49215 0.0443716455757
6.4948 0.0469559097046
6.49789 0.0425101812085
6.49172 0.033352420385
6.49553 0.0358561132405
6.47603 0.0368048179157
6.4973 0.0588223005352
6.4948 0.0429826800568
6.49774 0.0500741624678
6.48921 0.0467432116575
6.49414 0.0396507342383
6.46279 0.0227171637559
6.47035 0.031707071585
6.47019 0.0231903413014
6.48239 0.0255140014478
6.50017 0.041275065311
