0.000000e+00 1.877246e+01 0.000000e+00 2.709255e+00 0.000000e+00 4.459866e+00
3.000000e-02 1.464704e+01 1.318233e-02 2.483625e+00 2.235262e-03 4.336566e+00
6.000000e-02 1.135553e+01 4.087990e-02 2.239737e+00 8.063055e-03 4.143524e+00
9.000000e-02 8.799489e+00 7.127586e-02 1.993907e+00 1.615064e-02 4.018485e+00
1.200000e-01 6.846192e+00 9.858517e-02 1.759585e+00 2.533802e-02 4.039584e+00
1.500000e-01 5.364891e+00 1.207101e-01 1.545328e+00 3.476987e-02 4.221528e+00
1.800000e-01 4.243411e+00 1.374865e-01 1.355078e+00 4.390453e-02 4.536369e+00
2.100000e-01 3.392288e+00 1.495999e-01 1.189435e+00 5.245406e-02 4.938569e+00
2.400000e-01 2.742999e+00 1.579968e-01 1.046983e+00 6.030620e-02 5.382999e+00
2.700000e-01 2.244208e+00 1.636027e-01 9.253216e-01 6.745595e-02 5.833972e+00
3.000000e-01 1.857884e+00 1.672095e-01 8.217294e-01 7.395565e-02 6.267677e+00
3.300000e-01 1.555987e+00 1.694470e-01 7.335418e-01 7.988270e-02 6.670945e+00
3.600000e-01 1.317847e+00 1.707930e-01 6.583371e-01 8.532049e-02 7.038589e+00
3.900000e-01 1.128194e+00 1.715983e-01 5.940063e-01 9.034837e-02 7.370593e+00
4.200000e-01 9.756958e-01 1.721127e-01 5.387585e-01 9.503700e-02 7.669784e+00
4.500000e-01 8.518995e-01 1.725097e-01 4.910965e-01 9.944703e-02 7.940164e+00
4.800000e-01 7.504595e-01 1.729059e-01 4.497797e-01 1.036292e-01 8.185869e+00
5.100000e-01 6.665791e-01 1.733772e-01 4.137853e-01 1.076255e-01 8.410617e+00
5.400000e-01 5.966066e-01 1.739705e-01 3.822711e-01 1.114703e-01 8.617488e+00
5.700000e-01 5.377415e-01 1.747122e-01 3.545440e-01 1.151913e-01 8.808921e+00
6.000000e-01 4.878195e-01 1.756150e-01 3.300319e-01 1.188115e-01 8.986803e+00
6.300000e-01 4.451555e-01 1.766822e-01 3.082619e-01 1.223491e-01 9.152595e+00
6.600000e-01 4.084279e-01 1.779112e-01 2.888415e-01 1.258194e-01 9.307419e+00
6.900000e-01 3.765920e-01 1.792955e-01 2.714438e-01 1.292344e-01 9.452118e+00
7.200000e-01 3.488164e-01 1.808264e-01 2.557953e-01 1.326043e-01 9.587278e+00
7.500000e-01 3.244343e-01 1.824943e-01 2.416663e-01 1.359373e-01 9.713243e+00
7.800000e-01 3.029075e-01 1.842890e-01 2.288630e-01 1.392402e-01 9.830153e+00
8.100000e-01 2.837986e-01 1.862002e-01 2.172212e-01 1.425189e-01 9.937987e+00
8.400000e-01 2.667495e-01 1.882185e-01 2.066012e-01 1.457778e-01 1.003663e+01
8.700000e-01 2.514658e-01 1.903345e-01 1.968836e-01 1.490212e-01 1.012596e+01
9.000000e-01 2.377035e-01 1.925398e-01 1.879657e-01 1.522522e-01 1.020587e+01
9.300000e-01 2.252592e-01 1.948267e-01 1.797593e-01 1.554738e-01 1.027638e+01
9.600000e-01 2.139629e-01 1.971882e-01 1.721880e-01 1.586884e-01 1.033761e+01
9.900000e-01 2.036712e-01 1.996182e-01 1.651853e-01 1.618981e-01 1.038982e+01
1.020000e+00 1.942627e-01 2.021109e-01 1.586936e-01 1.651048e-01 1.043340e+01
1.050000e+00 1.856341e-01 2.046616e-01 1.526621e-01 1.683100e-01 1.046882e+01
1.080000e+00 1.776971e-01 2.072659e-01 1.470465e-01 1.715151e-01 1.049660e+01
1.110000e+00 1.703758e-01 2.099200e-01 1.418078e-01 1.747214e-01 1.051728e+01
1.140000e+00 1.636046e-01 2.126205e-01 1.369115e-01 1.779301e-01 1.053138e+01
1.170000e+00 1.573266e-01 2.153644e-01 1.323268e-01 1.811422e-01 1.053944e+01
1.200000e+00 1.514924e-01 2.181490e-01 1.280267e-01 1.843584e-01 1.054193e+01
1.230000e+00 1.460585e-01 2.209719e-01 1.239869e-01 1.875797e-01 1.053932e+01
1.260000e+00 1.409870e-01 2.238309e-01 1.201857e-01 1.908068e-01 1.053205e+01
1.290000e+00 1.362442e-01 2.267239e-01 1.166037e-01 1.940402e-01 1.052059e+01
1.320000e+00 1.318005e-01 2.296492e-01 1.132234e-01 1.972805e-01 1.050537e+01
1.350000e+00 1.276296e-01 2.326050e-01 1.100292e-01 2.005283e-01 1.048684e+01
1.380000e+00 1.237081e-01 2.355898e-01 1.070069e-01 2.037839e-01 1.046547e+01
1.410000e+00 1.200151e-01 2.386021e-01 1.041435e-01 2.070477e-01 1.044173e+01
1.440000e+00 1.165320e-01 2.416408e-01 1.014275e-01 2.103201e-01 1.041609e+01
1.470000e+00 1.132420e-01 2.447045e-01 9.884833e-02 2.136014e-01 1.038902e+01
1.500000e+00 1.101300e-01 2.477925e-01 9.639634e-02 2.168918e-01 1.036098e+01
1.530000e+00 1.071825e-01 2.509036e-01 9.406276e-02 2.201915e-01 1.033240e+01
1.560000e+00 1.043874e-01 2.540372e-01 9.183962e-02 2.235009e-01 1.030370e+01
1.590000e+00 1.017335e-01 2.571925e-01 8.971958e-02 2.268201e-01 1.027523e+01
1.620000e+00 9.921086e-02 2.603690e-01 8.769596e-02 2.301493e-01 1.024732e+01
1.650000e+00 9.681032e-02 2.635661e-01 8.576260e-02 2.334887e-01 1.022024e+01
1.680000e+00 9.452361e-02 2.667834e-01 8.391385e-02 2.368384e-01 1.019422e+01
1.710000e+00 9.234314e-02 2.700206e-01 8.214452e-02 2.401988e-01 1.016945e+01
1.740000e+00 9.026199e-02 2.732772e-01 8.044982e-02 2.435699e-01 1.014607e+01
1.770000e+00 8.827382e-02 2.765531e-01 7.882532e-02 2.469518e-01 1.012419e+01
1.800000e+00 8.637280e-02 2.798479e-01 7.726693e-02 2.503449e-01 1.010390e+01
1.830000e+00 8.455356e-02 2.831614e-01 7.577087e-02 2.537491e-01 1.008525e+01
1.860000e+00 8.281116e-02 2.864935e-01 7.433363e-02 2.571646e-01 1.006825e+01
1.890000e+00 8.114106e-02 2.898440e-01 7.295195e-02 2.605917e-01 1.005290e+01
1.920000e+00 7.953904e-02 2.932127e-01 7.162279e-02 2.640303e-01 1.003918e+01
1.950000e+00 7.800120e-02 2.965996e-01 7.034335e-02 2.674806e-01 1.002701e+01
1.980000e+00 7.652393e-02 3.000044e-01 6.911098e-02 2.709427e-01 1.001632e+01
2.010000e+00 7.510387e-02 3.034271e-01 6.792323e-02 2.744166e-01 1.000701e+01
2.040000e+00 7.373790e-02 3.068677e-01 6.677782e-02 2.779026e-01 9.998969e+00
2.070000e+00 7.242311e-02 3.103258e-01 6.567259e-02 2.814005e-01 9.992073e+00
2.100000e+00 7.115679e-02 3.138014e-01 6.460555e-02 2.849105e-01 9.986201e+00
2.130000e+00 6.993639e-02 3.172944e-01 6.357481e-02 2.884325e-01 9.981233e+00
2.160000e+00 6.875956e-02 3.208046e-01 6.257860e-02 2.919667e-01 9.977058e+00
2.190000e+00 6.762406e-02 3.243318e-01 6.161527e-02 2.955130e-01 9.973569e+00
2.220000e+00 6.652782e-02 3.278757e-01 6.068327e-02 2.990714e-01 9.970674e+00
2.250000e+00 6.546890e-02 3.314363e-01 5.978113e-02 3.026419e-01 9.968288e+00
2.280000e+00 6.444546e-02 3.350133e-01 5.890746e-02 3.062245e-01 9.966341e+00
2.310000e+00 6.345580e-02 3.386065e-01 5.806098e-02 3.098192e-01 9.964771e+00
2.340000e+00 6.249829e-02 3.422156e-01 5.724045e-02 3.134258e-01 9.963526e+00
2.370000e+00 6.157143e-02 3.458405e-01 5.644473e-02 3.170444e-01 9.962562e+00
2.400000e+00 6.067379e-02 3.494810e-01 5.567272e-02 3.206749e-01 9.961843e+00
2.430000e+00 5.980403e-02 3.531368e-01 5.492340e-02 3.243172e-01 9.961341e+00
2.460000e+00 5.896089e-02 3.568077e-01 5.419579e-02 3.279712e-01 9.961029e+00
2.490000e+00 5.814319e-02 3.604936e-01 5.348898e-02 3.316370e-01 9.960887e+00
2.520000e+00 5.734980e-02 3.641941e-01 5.280209e-02 3.353144e-01 9.960898e+00
2.550000e+00 5.657966e-02 3.679092e-01 5.213430e-02 3.390033e-01 9.961047e+00
2.580000e+00 5.583178e-02 3.716386e-01 5.148484e-02 3.427037e-01 9.961322e+00
2.610000e+00 5.510521e-02 3.753822e-01 5.085296e-02 3.464155e-01 9.961713e+00
2.640000e+00 5.439906e-02 3.791397e-01 5.023797e-02 3.501385e-01 9.962209e+00
2.670000e+00 5.371249e-02 3.829110e-01 4.963919e-02 3.538728e-01 9.962803e+00
2.700000e+00 5.304470e-02 3.866958e-01 4.905599e-02 3.576182e-01 9.963486e+00
2.730000e+00 5.239493e-02 3.904941e-01 4.848779e-02 3.613746e-01 9.964252e+00
2.760000e+00 5.176246e-02 3.943057e-01 4.793399e-02 3.651420e-01 9.965094e+00
2.790000e+00 5.114661e-02 3.981303e-01 4.739408e-02 3.689202e-01 9.966007e+00
2.820000e+00 5.054674e-02 4.019679e-01 4.686752e-02 3.727092e-01 9.966985e+00
2.850000e+00 4.996223e-02 4.058182e-01 4.635382e-02 3.765089e-01 9.968021e+00
2.880000e+00 4.939250e-02 4.096812e-01 4.585253e-02 3.803192e-01 9.969113e+00
2.910000e+00 4.883699e-02 4.135565e-01 4.536318e-02 3.841400e-01 9.970254e+00
2.940000e+00 4.829518e-02 4.174442e-01 4.488537e-02 3.879712e-01 9.971440e+00
2.970000e+00 4.776657e-02 4.213441e-01 4.441868e-02 3.918127e-01 9.972668e+00
3.000000e+00 4.725066e-02 4.252560e-01 4.396272e-02 3.956645e-01 9.973932e+00
3.030000e+00 4.674702e-02 4.291797e-01 4.351712e-02 3.995264e-01 9.975230e+00
3.060000e+00 4.625520e-02 4.331152e-01 4.308154e-02 4.033983e-01 9.976558e+00
3.090000e+00 4.577478e-02 4.370622e-01 4.265563e-02 4.072803e-01 9.977912e+00
3.120000e+00 4.530538e-02 4.410207e-01 4.223908e-02 4.111721e-01 9.979290e+00
3.150000e+00 4.484662e-02 4.449906e-01 4.183157e-02 4.150737e-01 9.980689e+00
3.180000e+00 4.439813e-02 4.489716e-01 4.143280e-02 4.189851e-01 9.982106e+00
3.210000e+00 4.395956e-02 4.529637e-01 4.104250e-02 4.229061e-01 9.983539e+00
3.240000e+00 4.353060e-02 4.569668e-01 4.066040e-02 4.268366e-01 9.984985e+00
3.270000e+00 4.311091e-02 4.609807e-01 4.028623e-02 4.307766e-01 9.986443e+00
3.300000e+00 4.270021e-02 4.650053e-01 3.991974e-02 4.347260e-01 9.987910e+00
3.330000e+00 4.229820e-02 4.690405e-01 3.956071e-02 4.386847e-01 9.989384e+00
3.360000e+00 4.190460e-02 4.730862e-01 3.920889e-02 4.426527e-01 9.990865e+00
3.390000e+00 4.151915e-02 4.771422e-01 3.886407e-02 4.466298e-01 9.992349e+00
3.420000e+00 4.114159e-02 4.812085e-01 3.852604e-02 4.506159e-01 9.993837e+00
3.450000e+00 4.077168e-02 4.852849e-01 3.819459e-02 4.546111e-01 9.995327e+00
3.480000e+00 4.040919e-02 4.893714e-01 3.786953e-02 4.586152e-01 9.996817e+00
3.510000e+00 4.005388e-02 4.934679e-01 3.755068e-02 4.626282e-01 9.998306e+00
3.540000e+00 3.970556e-02 4.975741e-01 3.723785e-02 4.666499e-01 9.999794e+00
3.570000e+00 3.936399e-02 5.016902e-01 3.693088e-02 4.706803e-01 1.000128e+01
3.600000e+00 3.902900e-02 5.058158e-01 3.662958e-02 4.747194e-01 1.000276e+01
3.630000e+00 3.870038e-02 5.099511e-01 3.633382e-02 4.787671e-01 1.000424e+01
3.660000e+00 3.837796e-02 5.140958e-01 3.604342e-02 4.828232e-01 1.000571e+01
3.690000e+00 3.806155e-02 5.182498e-01 3.575824e-02 4.868878e-01 1.000718e+01
3.720000e+00 3.775098e-02 5.224132e-01 3.547815e-02 4.909608e-01 1.000864e+01
3.750000e+00 3.744610e-02 5.265857e-01 3.520299e-02 4.950421e-01 1.001010e+01
3.780000e+00 3.714674e-02 5.307674e-01 3.493264e-02 4.991316e-01 1.001154e+01
3.810000e+00 3.685274e-02 5.349581e-01 3.466698e-02 5.032293e-01 1.001298e+01
3.840000e+00 3.656398e-02 5.391578e-01 3.440586e-02 5.073351e-01 1.001441e+01
3.870000e+00 3.628029e-02 5.433663e-01 3.414919e-02 5.114490e-01 1.001584e+01
3.900000e+00 3.600156e-02 5.475837e-01 3.389684e-02 5.155709e-01 1.001725e+01
3.930000e+00 3.572763e-02 5.518097e-01 3.364869e-02 5.197007e-01 1.001865e+01
3.960000e+00 3.545840e-02 5.560444e-01 3.340465e-02 5.238384e-01 1.002005e+01
3.990000e+00 3.519373e-02 5.602877e-01 3.316461e-02 5.279839e-01 1.002143e+01
4.020000e+00 3.493351e-02 5.645395e-01 3.292847e-02 5.321372e-01 1.002280e+01
4.050000e+00 3.467762e-02 5.687997e-01 3.269613e-02 5.362982e-01 1.002417e+01
4.080000e+00 3.442596e-02 5.730682e-01 3.246750e-02 5.404669e-01 1.002552e+01
4.110000e+00 3.417841e-02 5.773451e-01 3.224248e-02 5.446432e-01 1.002686e+01
4.140000e+00 3.393488e-02 5.816302e-01 3.202100e-02 5.488271e-01 1.002819e+01
4.170000e+00 3.369526e-02 5.859234e-01 3.180295e-02 5.530184e-01 1.002950e+01
4.200000e+00 3.345946e-02 5.902248e-01 3.158828e-02 5.572172e-01 1.003081e+01
4.230000e+00 3.322738e-02 5.945342e-01 3.137688e-02 5.614234e-01 1.003210e+01
4.260000e+00 3.299894e-02 5.988515e-01 3.116869e-02 5.656369e-01 1.003338e+01
4.290000e+00 3.277404e-02 6.031768e-01 3.096363e-02 5.698578e-01 1.003465e+01
4.320000e+00 3.255261e-02 6.075099e-01 3.076163e-02 5.740859e-01 1.003591e+01
4.350000e+00 3.233457e-02 6.118508e-01 3.056262e-02 5.783212e-01 1.003715e+01
4.380000e+00 3.211982e-02 6.161995e-01 3.036653e-02 5.825637e-01 1.003839e+01
4.410000e+00 3.190830e-02 6.205558e-01 3.017329e-02 5.868132e-01 1.003960e+01
4.440000e+00 3.169993e-02 6.249197e-01 2.998285e-02 5.910699e-01 1.004081e+01
4.470000e+00 3.149464e-02 6.292912e-01 2.979513e-02 5.953335e-01 1.004200e+01
4.500000e+00 3.129235e-02 6.336702e-01 2.961008e-02 5.996041e-01 1.004318e+01
4.530000e+00 3.109301e-02 6.380566e-01 2.942764e-02 6.038816e-01 1.004435e+01
4.560000e+00 3.089655e-02 6.424505e-01 2.924775e-02 6.081660e-01 1.004550e+01
4.590000e+00 3.070289e-02 6.468516e-01 2.907036e-02 6.124573e-01 1.004664e+01
4.620000e+00 3.051199e-02 6.512601e-01 2.889541e-02 6.167553e-01 1.004776e+01
4.650000e+00 3.032377e-02 6.556758e-01 2.872286e-02 6.210601e-01 1.004888e+01
4.680000e+00 3.013819e-02 6.600986e-01 2.855265e-02 6.253715e-01 1.004998e+01
4.710000e+00 2.995518e-02 6.645286e-01 2.838473e-02 6.296896e-01 1.005106e+01
4.740000e+00 2.977469e-02 6.689657e-01 2.821905e-02 6.340143e-01 1.005213e+01
4.770000e+00 2.959666e-02 6.734098e-01 2.805557e-02 6.383456e-01 1.005319e+01
4.800000e+00 2.942105e-02 6.778609e-01 2.789425e-02 6.426834e-01 1.005424e+01
4.830000e+00 2.924780e-02 6.823189e-01 2.773503e-02 6.470277e-01 1.005527e+01
4.860000e+00 2.907686e-02 6.867838e-01 2.757788e-02 6.513785e-01 1.005629e+01
4.890000e+00 2.890819e-02 6.912555e-01 2.742275e-02 6.557356e-01 1.005729e+01
4.920000e+00 2.874174e-02 6.957340e-01 2.726961e-02 6.600991e-01 1.005828e+01
4.950000e+00 2.857746e-02 7.002192e-01 2.711841e-02 6.644689e-01 1.005926e+01
4.980000e+00 2.841531e-02 7.047111e-01 2.696912e-02 6.688449e-01 1.006023e+01
5.010000e+00 2.825525e-02 7.092096e-01 2.682169e-02 6.732272e-01 1.006118e+01
5.040000e+00 2.809723e-02 7.137147e-01 2.667610e-02 6.776157e-01 1.006212e+01
5.070000e+00 2.794122e-02 7.182264e-01 2.653231e-02 6.820103e-01 1.006304e+01
5.100000e+00 2.778718e-02 7.227445e-01 2.639027e-02 6.864110e-01 1.006395e+01
5.130000e+00 2.763506e-02 7.272691e-01 2.624997e-02 6.908178e-01 1.006485e+01
5.160000e+00 2.748483e-02 7.318001e-01 2.611136e-02 6.952306e-01 1.006573e+01
5.190000e+00 2.733645e-02 7.363374e-01 2.597441e-02 6.996494e-01 1.006661e+01
5.220000e+00 2.718989e-02 7.408810e-01 2.583910e-02 7.040741e-01 1.006746e+01
5.250000e+00 2.704511e-02 7.454309e-01 2.570539e-02 7.085047e-01 1.006831e+01
5.280000e+00 2.690208e-02 7.499870e-01 2.557325e-02 7.129412e-01 1.006914e+01
5.310000e+00 2.676077e-02 7.545493e-01 2.544265e-02 7.173835e-01 1.006996e+01
5.340000e+00 2.662114e-02 7.591176e-01 2.531357e-02 7.218316e-01 1.007077e+01
5.370000e+00 2.648316e-02 7.636921e-01 2.518597e-02 7.262854e-01 1.007157e+01
5.400000e+00 2.634680e-02 7.682726e-01 2.505984e-02 7.307449e-01 1.007235e+01
5.430000e+00 2.621203e-02 7.728591e-01 2.493514e-02 7.352100e-01 1.007312e+01
5.460000e+00 2.607883e-02 7.774515e-01 2.481185e-02 7.396808e-01 1.007387e+01
5.490000e+00 2.594715e-02 7.820498e-01 2.468994e-02 7.441572e-01 1.007462e+01
5.520000e+00 2.581699e-02 7.866540e-01 2.456939e-02 7.486391e-01 1.007535e+01
5.550000e+00 2.568830e-02 7.912640e-01 2.445017e-02 7.531265e-01 1.007607e+01
5.580000e+00 2.556107e-02 7.958797e-01 2.433227e-02 7.576193e-01 1.007678e+01
5.610000e+00 2.543526e-02 8.005012e-01 2.421566e-02 7.621176e-01 1.007747e+01
5.640000e+00 2.531086e-02 8.051283e-01 2.410031e-02 7.666212e-01 1.007816e+01
5.670000e+00 2.518783e-02 8.097611e-01 2.398621e-02 7.711302e-01 1.007883e+01
5.700000e+00 2.506616e-02 8.143995e-01 2.387333e-02 7.756445e-01 1.007949e+01
5.730000e+00 2.494581e-02 8.190434e-01 2.376166e-02 7.801640e-01 1.008014e+01
5.760000e+00 2.482678e-02 8.236928e-01 2.365116e-02 7.846888e-01 1.008077e+01
5.790000e+00 2.470902e-02 8.283477e-01 2.354183e-02 7.892188e-01 1.008140e+01
5.820000e+00 2.459253e-02 8.330080e-01 2.343365e-02 7.937539e-01 1.008201e+01
5.850000e+00 2.447728e-02 8.376737e-01 2.332658e-02 7.982941e-01 1.008261e+01
5.880000e+00 2.436325e-02 8.423447e-01 2.322063e-02 8.028393e-01 1.008321e+01
5.910000e+00 2.425042e-02 8.470211e-01 2.311576e-02 8.073896e-01 1.008379e+01
5.940000e+00 2.413877e-02 8.517026e-01 2.301196e-02 8.119449e-01 1.008435e+01
5.970000e+00 2.402828e-02 8.563894e-01 2.290922e-02 8.165051e-01 1.008491e+01
6.000000e+00 2.391893e-02 8.610813e-01 2.280751e-02 8.210702e-01 1.008546e+01
6.030000e+00 2.381070e-02 8.657784e-01 2.270682e-02 8.256403e-01 1.008599e+01
6.060000e+00 2.370357e-02 8.704805e-01 2.260713e-02 8.302151e-01 1.008652e+01
6.090000e+00 2.359753e-02 8.751877e-01 2.250843e-02 8.347947e-01 1.008703e+01
6.120000e+00 2.349256e-02 8.798999e-01 2.241069e-02 8.393791e-01 1.008754e+01
6.150000e+00 2.338865e-02 8.846171e-01 2.231392e-02 8.439682e-01 1.008803e+01
6.180000e+00 2.328576e-02 8.893391e-01 2.221809e-02 8.485620e-01 1.008851e+01
6.210000e+00 2.318390e-02 8.940661e-01 2.212318e-02 8.531605e-01 1.008899e+01
6.240000e+00 2.308303e-02 8.987978e-01 2.202918e-02 8.577635e-01 1.008945e+01
6.270000e+00 2.298315e-02 9.035344e-01 2.193608e-02 8.623711e-01 1.008990e+01
6.300000e+00 2.288425e-02 9.082757e-01 2.184387e-02 8.669832e-01 1.009034e+01
6.330000e+00 2.278629e-02 9.130218e-01 2.175253e-02 8.715999e-01 1.009078e+01
6.360000e+00 2.268928e-02 9.177725e-01 2.166204e-02 8.762209e-01 1.009120e+01
6.390000e+00 2.259320e-02 9.225278e-01 2.157240e-02 8.808464e-01 1.009161e+01
6.420000e+00 2.249803e-02 9.272878e-01 2.148359e-02 8.854763e-01 1.009201e+01
6.450000e+00 2.240376e-02 9.320522e-01 2.139560e-02 8.901105e-01 1.009241e+01
6.480000e+00 2.231037e-02 9.368212e-01 2.130842e-02 8.947490e-01 1.009279e+01
6.510000e+00 2.221785e-02 9.415947e-01 2.122203e-02 8.993917e-01 1.009317e+01
6.540000e+00 2.212619e-02 9.463726e-01 2.113643e-02 9.040387e-01 1.009353e+01
6.570000e+00 2.203538e-02 9.511549e-01 2.105159e-02 9.086899e-01 1.009389e+01
6.600000e+00 2.194540e-02 9.559415e-01 2.096752e-02 9.133452e-01 1.009423e+01
6.630000e+00 2.185624e-02 9.607325e-01 2.088420e-02 9.180047e-01 1.009457e+01
6.660000e+00 2.176789e-02 9.655277e-01 2.080162e-02 9.226682e-01 1.009490e+01
6.690000e+00 2.168033e-02 9.703272e-01 2.071976e-02 9.273357e-01 1.009522e+01
6.720000e+00 2.159356e-02 9.751308e-01 2.063863e-02 9.320073e-01 1.009553e+01
6.750000e+00 2.150757e-02 9.799386e-01 2.055820e-02 9.366828e-01 1.009583e+01
6.780000e+00 2.142234e-02 9.847505e-01 2.047846e-02 9.413623e-01 1.009612e+01
6.810000e+00 2.133786e-02 9.895665e-01 2.039942e-02 9.460456e-01 1.009641e+01
6.840000e+00 2.125412e-02 9.943866e-01 2.032106e-02 9.507328e-01 1.009668e+01
6.870000e+00 2.117111e-02 9.992106e-01 2.024336e-02 9.554238e-01 1.009695e+01
6.900000e+00 2.108882e-02 1.004039e+00 2.016632e-02 9.601186e-01 1.009721e+01
6.930000e+00 2.100724e-02 1.008871e+00 2.008993e-02 9.648171e-01 1.009746e+01
6.960000e+00 2.092636e-02 1.013706e+00 2.001419e-02 9.695193e-01 1.009770e+01
6.990000e+00 2.084617e-02 1.018546e+00 1.993908e-02 9.742252e-01 1.009793e+01
7.020000e+00 2.076666e-02 1.023389e+00 1.986459e-02 9.789347e-01 1.009816e+01
7.050000e+00 2.068783e-02 1.028237e+00 1.979071e-02 9.836479e-01 1.009837e+01
7.080000e+00 2.060965e-02 1.033088e+00 1.971745e-02 9.883646e-01 1.009858e+01
7.110000e+00 2.053213e-02 1.037942e+00 1.964478e-02 9.930848e-01 1.009878e+01
7.140000e+00 2.045525e-02 1.042800e+00 1.957270e-02 9.978084e-01 1.009897e+01
7.170000e+00 2.037901e-02 1.047662e+00 1.950121e-02 1.002536e+00 1.009916e+01
7.200000e+00 2.030339e-02 1.052528e+00 1.943029e-02 1.007266e+00 1.009933e+01
7.230000e+00 2.022840e-02 1.057397e+00 1.935994e-02 1.012000e+00 1.009950e+01
7.260000e+00 2.015401e-02 1.062269e+00 1.929015e-02 1.016737e+00 1.009966e+01
7.290000e+00 2.008022e-02 1.067145e+00 1.922091e-02 1.021478e+00 1.009981e+01
7.320000e+00 2.000703e-02 1.072025e+00 1.915222e-02 1.026222e+00 1.009995e+01
7.350000e+00 1.993443e-02 1.076908e+00 1.908406e-02 1.030969e+00 1.010009e+01
7.380000e+00 1.986240e-02 1.081794e+00 1.901644e-02 1.035719e+00 1.010022e+01
7.410000e+00 1.979095e-02 1.086683e+00 1.894934e-02 1.040473e+00 1.010034e+01
7.440000e+00 1.972005e-02 1.091576e+00 1.888277e-02 1.045229e+00 1.010045e+01
7.470000e+00 1.964972e-02 1.096472e+00 1.881670e-02 1.049989e+00 1.010056e+01
7.500000e+00 1.957993e-02 1.101371e+00 1.875114e-02 1.054751e+00 1.010066e+01
7.530000e+00 1.951069e-02 1.106273e+00 1.868607e-02 1.059517e+00 1.010075e+01
7.560000e+00 1.944198e-02 1.111179e+00 1.862150e-02 1.064286e+00 1.010083e+01
7.590000e+00 1.937379e-02 1.116087e+00 1.855741e-02 1.069057e+00 1.010090e+01
7.620000e+00 1.930613e-02 1.120999e+00 1.849381e-02 1.073832e+00 1.010097e+01
7.650000e+00 1.923899e-02 1.125914e+00 1.843068e-02 1.078609e+00 1.010103e+01
7.680000e+00 1.917235e-02 1.130831e+00 1.836801e-02 1.083390e+00 1.010108e+01
7.710000e+00 1.910622e-02 1.135752e+00 1.830581e-02 1.088173e+00 1.010113e+01
7.740000e+00 1.904058e-02 1.140675e+00 1.824407e-02 1.092958e+00 1.010116e+01
7.770000e+00 1.897543e-02 1.145602e+00 1.818278e-02 1.097747e+00 1.010119e+01
7.800000e+00 1.891076e-02 1.150531e+00 1.812193e-02 1.102538e+00 1.010121e+01
7.830000e+00 1.884658e-02 1.155463e+00 1.806152e-02 1.107332e+00 1.010123e+01
7.860000e+00 1.878286e-02 1.160398e+00 1.800155e-02 1.112129e+00 1.010124e+01
7.890000e+00 1.871961e-02 1.165335e+00 1.794201e-02 1.116928e+00 1.010124e+01
7.920000e+00 1.865682e-02 1.170275e+00 1.788289e-02 1.121729e+00 1.010123e+01
7.950000e+00 1.859449e-02 1.175218e+00 1.782419e-02 1.126534e+00 1.010121e+01
7.980000e+00 1.853260e-02 1.180164e+00 1.776591e-02 1.131340e+00 1.010119e+01
8.010000e+00 1.847116e-02 1.185112e+00 1.770804e-02 1.136149e+00 1.010116e+01
8.040000e+00 1.841016e-02 1.190062e+00 1.765057e-02 1.140961e+00 1.010112e+01
8.070000e+00 1.834959e-02 1.195015e+00 1.759350e-02 1.145775e+00 1.010107e+01
8.100000e+00 1.828945e-02 1.199971e+00 1.753683e-02 1.150591e+00 1.010102e+01
8.130000e+00 1.822973e-02 1.204929e+00 1.748054e-02 1.155410e+00 1.010096e+01
8.160000e+00 1.817044e-02 1.209889e+00 1.742465e-02 1.160231e+00 1.010089e+01
8.190000e+00 1.811155e-02 1.214852e+00 1.736913e-02 1.165054e+00 1.010082e+01
8.220000e+00 1.805307e-02 1.219817e+00 1.731399e-02 1.169879e+00 1.010073e+01
8.250000e+00 1.799500e-02 1.224785e+00 1.725923e-02 1.174706e+00 1.010064e+01
8.280000e+00 1.793733e-02 1.229754e+00 1.720484e-02 1.179536e+00 1.010054e+01
8.310000e+00 1.788005e-02 1.234726e+00 1.715080e-02 1.184368e+00 1.010043e+01
8.340000e+00 1.782316e-02 1.239701e+00 1.709713e-02 1.189201e+00 1.010032e+01
8.370000e+00 1.776666e-02 1.244677e+00 1.704382e-02 1.194037e+00 1.010020e+01
8.400000e+00 1.771053e-02 1.249655e+00 1.699086e-02 1.198875e+00 1.010007e+01
8.430000e+00 1.765479e-02 1.254636e+00 1.693825e-02 1.203715e+00 1.009993e+01
8.460000e+00 1.759942e-02 1.259619e+00 1.688598e-02 1.208557e+00 1.009978e+01
8.490000e+00 1.754441e-02 1.264603e+00 1.683405e-02 1.213400e+00 1.009963e+01
8.520000e+00 1.748978e-02 1.269590e+00 1.678246e-02 1.218246e+00 1.009946e+01
8.550000e+00 1.743550e-02 1.274578e+00 1.673120e-02 1.223093e+00 1.009929e+01
8.580000e+00 1.738157e-02 1.279569e+00 1.668028e-02 1.227942e+00 1.009911e+01
8.610000e+00 1.732800e-02 1.284561e+00 1.662968e-02 1.232793e+00 1.009893e+01
8.640000e+00 1.727478e-02 1.289556e+00 1.657940e-02 1.237645e+00 1.009873e+01
8.670000e+00 1.722191e-02 1.294552e+00 1.652944e-02 1.242500e+00 1.009853e+01
8.700000e+00 1.716937e-02 1.299550e+00 1.647979e-02 1.247355e+00 1.009831e+01
8.730000e+00 1.711717e-02 1.304549e+00 1.643046e-02 1.252213e+00 1.009809e+01
8.760000e+00 1.706531e-02 1.309551e+00 1.638144e-02 1.257072e+00 1.009786e+01
8.790000e+00 1.701377e-02 1.314554e+00 1.633272e-02 1.261933e+00 1.009762e+01
8.820000e+00 1.696257e-02 1.319559e+00 1.628430e-02 1.266795e+00 1.009737e+01
8.850000e+00 1.691168e-02 1.324565e+00 1.623619e-02 1.271659e+00 1.009712e+01
8.880000e+00 1.686111e-02 1.329573e+00 1.618837e-02 1.276524e+00 1.009685e+01
8.910000e+00 1.681086e-02 1.334583e+00 1.614084e-02 1.281390e+00 1.009658e+01
8.940000e+00 1.676093e-02 1.339594e+00 1.609360e-02 1.286258e+00 1.009629e+01
8.970000e+00 1.671130e-02 1.344606e+00 1.604665e-02 1.291128e+00 1.009600e+01
9.000000e+00 1.666198e-02 1.349620e+00 1.599998e-02 1.295998e+00 1.009569e+01
9.030000e+00 1.661296e-02 1.354636e+00 1.595359e-02 1.300870e+00 1.009538e+01
9.060000e+00 1.656424e-02 1.359653e+00 1.590748e-02 1.305744e+00 1.009506e+01
9.090000e+00 1.651582e-02 1.364671e+00 1.586165e-02 1.310618e+00 1.009473e+01
9.120000e+00 1.646769e-02 1.369691e+00 1.581609e-02 1.315494e+00 1.009438e+01
9.150000e+00 1.641986e-02 1.374712e+00 1.577079e-02 1.320370e+00 1.009403e+01
9.180000e+00 1.637231e-02 1.379734e+00 1.572577e-02 1.325248e+00 1.009367e+01
9.210000e+00 1.632504e-02 1.384757e+00 1.568101e-02 1.330127e+00 1.009329e+01
9.240000e+00 1.627806e-02 1.389782e+00 1.563650e-02 1.335007e+00 1.009291e+01
9.270000e+00 1.623136e-02 1.394808e+00 1.559226e-02 1.339888e+00 1.009251e+01
9.300000e+00 1.618493e-02 1.399835e+00 1.554828e-02 1.344770e+00 1.009211e+01
9.330000e+00 1.613878e-02 1.404863e+00 1.550454e-02 1.349653e+00 1.009169e+01
9.360000e+00 1.609289e-02 1.409892e+00 1.546106e-02 1.354537e+00 1.009126e+01
9.390000e+00 1.604728e-02 1.414922e+00 1.541783e-02 1.359422e+00 1.009082e+01
9.420000e+00 1.600193e-02 1.419954e+00 1.537484e-02 1.364308e+00 1.009037e+01
9.450000e+00 1.595684e-02 1.424986e+00 1.533209e-02 1.369194e+00 1.008990e+01
9.480000e+00 1.591202e-02 1.430019e+00 1.528959e-02 1.374082e+00 1.008942e+01
9.510000e+00 1.586745e-02 1.435053e+00 1.524733e-02 1.378970e+00 1.008893e+01
9.540000e+00 1.582313e-02 1.440089e+00 1.520530e-02 1.383858e+00 1.008843e+01
9.570000e+00 1.577907e-02 1.445125e+00 1.516350e-02 1.388748e+00 1.008792e+01
9.600000e+00 1.573526e-02 1.450161e+00 1.512194e-02 1.393638e+00 1.008739e+01
9.630000e+00 1.569169e-02 1.455199e+00 1.508061e-02 1.398529e+00 1.008684e+01
9.660000e+00 1.564837e-02 1.460237e+00 1.503950e-02 1.403420e+00 1.008629e+01
9.690000e+00 1.560530e-02 1.465277e+00 1.499862e-02 1.408312e+00 1.008572e+01
9.720000e+00 1.556246e-02 1.470317e+00 1.495796e-02 1.413205e+00 1.008513e+01
9.750000e+00 1.551987e-02 1.475357e+00 1.491753e-02 1.418097e+00 1.008453e+01
9.780000e+00 1.547750e-02 1.480399e+00 1.487731e-02 1.422991e+00 1.008392e+01
9.810000e+00 1.543538e-02 1.485441e+00 1.483731e-02 1.427885e+00 1.008329e+01
9.840000e+00 1.539348e-02 1.490483e+00 1.479752e-02 1.432779e+00 1.008264e+01
9.870000e+00 1.535181e-02 1.495526e+00 1.475795e-02 1.437673e+00 1.008198e+01
9.900000e+00 1.531038e-02 1.500570e+00 1.471858e-02 1.442568e+00 1.008130e+01
9.930000e+00 1.526916e-02 1.505614e+00 1.467943e-02 1.447464e+00 1.008060e+01
9.960000e+00 1.522817e-02 1.510659e+00 1.464048e-02 1.452359e+00 1.007989e+01
9.990000e+00 1.518740e-02 1.515704e+00 1.460173e-02 1.457255e+00 1.007916e+01
1.002000e+01 1.514685e-02 1.520749e+00 1.456319e-02 1.462150e+00 1.007841e+01
1.005000e+01 1.510651e-02 1.525795e+00 1.452485e-02 1.467046e+00 1.007764e+01
1.008000e+01 1.506639e-02 1.530842e+00 1.448671e-02 1.471942e+00 1.007685e+01
1.011000e+01 1.502648e-02 1.535888e+00 1.444877e-02 1.476839e+00 1.007604e+01
1.014000e+01 1.498679e-02 1.540935e+00 1.441102e-02 1.481735e+00 1.007521e+01
1.017000e+01 1.494730e-02 1.545983e+00 1.437346e-02 1.486631e+00 1.007436e+01
1.020000e+01 1.490802e-02 1.551030e+00 1.433609e-02 1.491527e+00 1.007349e+01
1.023000e+01 1.486894e-02 1.556078e+00 1.429892e-02 1.496423e+00 1.007259e+01
1.026000e+01 1.483007e-02 1.561126e+00 1.426193e-02 1.501319e+00 1.007168e+01
1.029000e+01 1.479140e-02 1.566174e+00 1.422513e-02 1.506215e+00 1.007074e+01
1.032000e+01 1.475293e-02 1.571222e+00 1.418851e-02 1.511111e+00 1.006977e+01
1.035000e+01 1.471465e-02 1.576271e+00 1.415208e-02 1.516006e+00 1.006878e+01
1.038000e+01 1.467658e-02 1.581319e+00 1.411583e-02 1.520901e+00 1.006777e+01
1.041000e+01 1.463869e-02 1.586367e+00 1.407975e-02 1.525796e+00 1.006672e+01
1.044000e+01 1.460100e-02 1.591416e+00 1.404386e-02 1.530691e+00 1.006565e+01
1.047000e+01 1.456350e-02 1.596464e+00 1.400814e-02 1.535585e+00 1.006455e+01
1.050000e+01 1.452619e-02 1.601512e+00 1.397259e-02 1.540478e+00 1.006342e+01
1.053000e+01 1.448907e-02 1.606561e+00 1.393722e-02 1.545372e+00 1.006226e+01
1.056000e+01 1.445213e-02 1.611609e+00 1.390202e-02 1.550264e+00 1.006107e+01
1.059000e+01 1.441537e-02 1.616657e+00 1.386699e-02 1.555156e+00 1.005985e+01
1.062000e+01 1.437880e-02 1.621704e+00 1.383212e-02 1.560048e+00 1.005859e+01
1.065000e+01 1.434241e-02 1.626752e+00 1.379743e-02 1.564939e+00 1.005730e+01
1.068000e+01 1.430620e-02 1.631799e+00 1.376289e-02 1.569829e+00 1.005597e+01
1.071000e+01 1.427016e-02 1.636846e+00 1.372852e-02 1.574718e+00 1.005460e+01
1.074000e+01 1.423430e-02 1.641892e+00 1.369432e-02 1.579607e+00 1.005319e+01
1.077000e+01 1.419862e-02 1.646939e+00 1.366027e-02 1.584494e+00 1.005175e+01
1.080000e+01 1.416310e-02 1.651984e+00 1.362638e-02 1.589381e+00 1.005026e+01
1.083000e+01 1.412776e-02 1.657030e+00 1.359265e-02 1.594267e+00 1.004872e+01
1.086000e+01 1.409259e-02 1.662074e+00 1.355907e-02 1.599152e+00 1.004714e+01
1.089000e+01 1.405758e-02 1.667118e+00 1.352565e-02 1.604035e+00 1.004552e+01
1.092000e+01 1.402275e-02 1.672162e+00 1.349238e-02 1.608918e+00 1.004384e+01
1.095000e+01 1.398807e-02 1.677205e+00 1.345926e-02 1.613799e+00 1.004211e+01
1.098000e+01 1.395356e-02 1.682247e+00 1.342629e-02 1.618679e+00 1.004032e+01
1.101000e+01 1.391921e-02 1.687288e+00 1.339347e-02 1.623558e+00 1.003848e+01
1.104000e+01 1.388502e-02 1.692329e+00 1.336079e-02 1.628435e+00 1.003658e+01
1.107000e+01 1.385099e-02 1.697369e+00 1.332826e-02 1.633310e+00 1.003462e+01
1.110000e+01 1.381712e-02 1.702408e+00 1.329587e-02 1.638185e+00 1.003259e+01
1.113000e+01 1.378340e-02 1.707445e+00 1.326363e-02 1.643057e+00 1.003050e+01
1.116000e+01 1.374984e-02 1.712482e+00 1.323152e-02 1.647928e+00 1.002833e+01
1.119000e+01 1.371643e-02 1.717518e+00 1.319955e-02 1.652797e+00 1.002609e+01
1.122000e+01 1.368317e-02 1.722552e+00 1.316772e-02 1.657663e+00 1.002377e+01
1.125000e+01 1.365006e-02 1.727585e+00 1.313603e-02 1.662528e+00 1.002137e+01
1.128000e+01 1.361709e-02 1.732617e+00 1.310447e-02 1.667391e+00 1.001888e+01
1.131000e+01 1.358427e-02 1.737647e+00 1.307304e-02 1.672252e+00 1.001630e+01
1.134000e+01 1.355160e-02 1.742676e+00 1.304174e-02 1.677110e+00 1.001363e+01
1.137000e+01 1.351907e-02 1.747703e+00 1.301057e-02 1.681966e+00 1.001085e+01
1.140000e+01 1.348668e-02 1.752728e+00 1.297952e-02 1.686819e+00 1.000797e+01
1.143000e+01 1.345442e-02 1.757752e+00 1.294860e-02 1.691669e+00 1.000498e+01
1.146000e+01 1.342231e-02 1.762773e+00 1.291781e-02 1.696516e+00 1.000186e+01
1.149000e+01 1.339033e-02 1.767792e+00 1.288714e-02 1.701361e+00 9.998625e+00
1.152000e+01 1.335848e-02 1.772809e+00 1.285658e-02 1.706202e+00 9.995253e+00
1.155000e+01 1.332676e-02 1.777824e+00 1.282615e-02 1.711040e+00 9.991740e+00
1.158000e+01 1.329518e-02 1.782835e+00 1.279583e-02 1.715874e+00 9.988078e+00
1.161000e+01 1.326372e-02 1.787844e+00 1.276562e-02 1.720705e+00 9.984258e+00
1.164000e+01 1.323238e-02 1.792850e+00 1.273553e-02 1.725531e+00 9.980270e+00
1.167000e+01 1.320116e-02 1.797852e+00 1.270554e-02 1.730354e+00 9.976103e+00
1.170000e+01 1.317007e-02 1.802851e+00 1.267567e-02 1.735172e+00 9.971746e+00
1.173000e+01 1.313909e-02 1.807846e+00 1.264589e-02 1.739985e+00 9.967186e+00
1.176000e+01 1.310823e-02 1.812836e+00 1.261622e-02 1.744794e+00 9.962412e+00
1.179000e+01 1.307747e-02 1.817822e+00 1.258666e-02 1.749597e+00 9.957407e+00
1.182000e+01 1.304683e-02 1.822804e+00 1.255718e-02 1.754394e+00 9.952158e+00
1.185000e+01 1.301628e-02 1.827779e+00 1.252781e-02 1.759186e+00 9.946648e+00
1.188000e+01 1.298584e-02 1.832749e+00 1.249852e-02 1.763972e+00 9.940859e+00
1.191000e+01 1.295549e-02 1.837712e+00 1.246933e-02 1.768751e+00 9.934771e+00
1.194000e+01 1.292524e-02 1.842668e+00 1.244022e-02 1.773522e+00 9.928366e+00
1.197000e+01 1.289507e-02 1.847617e+00 1.241119e-02 1.778287e+00 9.921621e+00
1.200000e+01 1.286498e-02 1.852557e+00 1.238225e-02 1.783044e+00 9.914512e+00
